
 problem:3, search: 2
    88         408         409         3364   0.301508
 problem:3, search: 4
    88          25          27         230    0.010619999999999963
 problem:3, search: 5
    88          14          16         126    3.4627589999999997
 problem:3, search: 8
    88         7388        7390       65711   2.5370707
 problem:3, search: 9
    88         369         371         3403   102.7956441
 problem:4, search: 2
   104        25174       25175       228849  1541.1622582
 problem:4, search: 4
   104          29          31         280    0.03129939999985254
 problem:4, search: 5
   104          17          19         165    7.99064629999998
 problem:4, search: 8
   104        34330       34332       328509  22.55689069999994
 problem:4, search: 9
   104         1208        1210       12210   465.5535440999997