
 problem:1, search: 1
    20          43          56         178    0.0019820999999999867
 problem:1, search: 2
    20          21          22          84    0.0014561999999999908
 problem:1, search: 3
    20          60          62         240    0.0031644000000000116
 problem:1, search: 4
    20          7           9           29    0.0005389999999999839
 problem:1, search: 5
    20          6           8           28    0.067607
 problem:1, search: 6
    20          6           8           24    0.045845000000000025
 problem:1, search: 7
    20          6           8           28    0.18768470000000004
 problem:1, search: 8
    20          50          52         206    0.0041255999999999515
 problem:1, search: 9
    20          28          30         122    0.16411070000000005
 problem:1, search: 10
    20          43          45         180    0.17296270000000002
 problem:1, search: 11
    20          33          35         138    0.4482229000000001
 problem:2, search: 1
    72         3343        4609       30503   0.7303306999999999
 problem:2, search: 2
    72         624         625         5602   0.891381
 problem:2, search: 3
    72         5154        5156       46618   1.0463210999999997
 problem:2, search: 4
    72          17          19         170    0.006469199999999731
 problem:2, search: 5
    72          9           11          86    1.3747274999999997
 problem:2, search: 6
    72          27          29         249    2.0938030999999997
 problem:2, search: 7
    72          9           11          84    5.865490800000001
 problem:2, search: 8
    72         2467        2469       22522   0.9359810999999993
 problem:2, search: 9
    72         357         359         3426   45.6525362
 problem:2, search: 10
    72         2887        2889       26594   275.7932924
 problem:2, search: 11
    72         1037        1039        9605   448.8185686