
 problem:3, search: 2
    88         408         409         3364   0.3132749        392
 problem:3, search: 3
    88        18510       18512       161936  4.520890199999999        12
 problem:3, search: 4
    88          25          27         230    0.01095519999999972        15
 problem:3, search: 5
    88          14          16         126    3.2859021999999998        14
 problem:3, search: 8
    88         7388        7390       65711   3.2535974000000003        12
 problem:3, search: 9
    88         369         371         3403   91.4527926        12
 problem:4, search: 2
   104        25174       25175       228849  1613.0902128999999        24132
 problem:4, search: 3
   104        113339      113341     1066413  37.41178100000002        14
 problem:4, search: 4
   104          29          31         280    0.02439320000007683        18
 problem:4, search: 5
   104          17          19         165    5.930643300000156        17
 problem:4, search: 8
   104        34330       34332       328509  17.75071039999989        14
 problem:4, search: 9
   104         1208        1210       12210   466.3083886999998        15