
 problem:1, search: 1
    20          43          56         178    0.0021486000000000005 6
 problem:1, search: 2
    20          21          22          84    0.0011303000000000007 20
 problem:1, search: 3
    20          60          62         240    0.005366999999999983 6
 problem:1, search: 4
    20          7           9           29    0.0007894999999999985 6
 problem:1, search: 5
    20          6           8           28    0.07600469999999998 6
 problem:1, search: 6
    20          6           8           24    0.049421800000000016 6
 problem:1, search: 7
    20          6           8           28    0.1923547 6
 problem:1, search: 8
    20          50          52         206    0.004258599999999946 6
 problem:1, search: 9
    20          28          30         122    0.16246850000000002 6
 problem:1, search: 10
    20          43          45         180    0.20025930000000003 6
 problem:1, search: 11
    20          33          35         138    0.6102644 6
 problem:2, search: 1
    72         3343        4609       30503   0.9925236000000002 9
 problem:2, search: 2
    72         624         625         5602   1.2478241000000003 619
 problem:2, search: 3
    72         5154        5156       46618   1.3925427999999993 9
 problem:2, search: 4
    72          17          19         170    0.0069920999999997235 9
 problem:2, search: 5
    72          9           11          86    2.0741232 9
 problem:2, search: 6
    72          27          29         249    2.7404865999999997 9
 problem:2, search: 7
    72          9           11          84    4.7835643 9
 problem:2, search: 8
    72         2467        2469       22522   0.7209032000000004 9
 problem:2, search: 9
    72         357         359         3426   37.872486800000004 9
 problem:2, search: 10
    72         2887        2889       26594   347.7198662 9
 problem:2, search: 11
    72         1037        1039        9605   614.4684311000001 9